300 2000
0 0 238399644493311420472160681984.000000 19406735507537024.000000 2891442961833180.000000
0 1 150237378734274357895289110528.000000 2279627279522655.500000 17596446873520710.000000
0 2 2472983977046322230556306178048.000000 19770890715131952.000000 6606394238582064.000000
0 3 1902410419612382760411257110528.000000 11782331482885560.000000 11718765971469118.000000
0 4 4463644537359310495927538548736.000000 14058672969019352.000000 8954758318804558.000000
0 5 1430275173592509076467412369408.000000 3980807767711025.000000 6467377884964169.000000
0 6 -1670744407768707768311590420480.000000 12824656442792462.000000 11060920316274708.000000
0 7 -1937525518209452797345044365312.000000 17071789499717664.000000 12718277231859172.000000
0 8 -1819780681198360807920222863360.000000 3794503291819479.500000 14112208527364866.000000
0 9 3624539154406888017844777254912.000000 17950869083656402.000000 17183474787172618.000000
0 10 3274636889470106666636077432832.000000 1911479414273742.250000 8813477011771629.000000
0 11 663518176723047221845062320128.000000 19190495719379044.000000 14993060814506868.000000
0 12 1556707208769725245684501708800.000000 8235715945859308.000000 18459876811164372.000000
0 13 2438500931690680629610552492032.000000 18534018869122500.000000 16765696820111804.000000
0 14 466195357249209257346950234112.000000 1757106995837347.250000 760821936126249.875000
0 15 -1508106849858587187031012540416.000000 5656950159979496.000000 6484673327884951.000000
0 16 2303026994831406661504224722944.000000 17405600377533398.000000 19734922573931948.000000
0 17 94050404659495772533741846528.000000 3224544030583717.000000 19601014747047340.000000
0 18 2321783742085929491753835954176.000000 12407482058469898.000000 11109227518895280.000000
0 19 256016329981394489938876039168.000000 12574638671430126.000000 8679666857807742.000000
0 20 -210872884006645823591973650432.000000 18655846282414088.000000 15938549653304998.000000
0 21 944858056933087093351719632896.000000 12568772678635444.000000 9542019583467402.000000
0 22 3497952687320278226755014098944.000000 12176504596037094.000000 13309813074432226.000000
0 23 1332592630448096121770792189952.000000 17867560919158888.000000 5444003009029666.000000
0 24 466430747167407886285750140928.000000 18597581955253884.000000 16025279403540902.000000
0 25 1613323004736249796755456000000.000000 10249876940250340.000000 14858332534622556.000000
0 26 -1863930992718753933897481846784.000000 476579742807233.625000 16464554872733800.000000
0 27 4145517080158701639303159611392.000000 9450678733606208.000000 19442159859664816.000000
0 28 3920584103986892911988168458240.000000 17237106594865726.000000 12574210555052482.000000
0 29 331393090231061542721936162816.000000 2416517733096386.500000 2215052803142486.750000
0 30 4656348581731481889748904050688.000000 8575187124584424.000000 14365446528184900.000000
0 31 4430865611150332605110176186368.000000 8029056934648685.000000 18261806165786372.000000
0 32 2093865843533476115466871111680.000000 527248090122476.250000 3346230918167266.500000
0 33 4141583158700532588333349470208.000000 12884693906435134.000000 14946251659801348.000000
0 34 -262088648165617469601743896576.000000 5048150515434402.000000 20003444362354208.000000
0 35 2774859199661229956240844521472.000000 2731837679418659.500000 16150853879535968.000000
0 36 5837741993292115253041037312000.000000 12378839206988384.000000 11574697346531180.000000
0 37 56286127332730949887800115200.000000 2953305362706680.500000 2276025684068923.000000
0 38 -1814308401110725376832113213440.000000 13938947484665062.000000 14958026378801106.000000
0 39 -1147365595748352556738960949248.000000 18731525886096772.000000 19368711001304308.000000
0 40 877739885299345506695622164480.000000 10763808564997188.000000 13471454351088710.000000
0 41 -228835216829942127483299037184.000000 6469429358849037.000000 1443814399658615.750000
0 42 5862674795027205504532905721856.000000 15295362829531244.000000 5404257605995172.000000
0 43 5590485993582050426802782863360.000000 15584648530890536.000000 4542833163567275.000000
0 44 3552703714721232701218678112256.000000 7072928898894661.000000 7402028725478811.000000
0 45 -920369993392550269270035005440.000000 14405237126739340.000000 14286362571882252.000000
0 46 5718752935397790578849704050688.000000 15389805581141174.000000 598896637916982.500000
0 47 4808459482532209204240893083648.000000 3346911246812395.000000 3987728043188214.500000
0 48 -563324171380756700901022892032.000000 5158012370089075.000000 1988918434762823.750000
0 49 2085070537442839517506702409728.000000 2088630412918809.250000 16750682859793624.000000
0 50 659280405686833236140607143936.000000 7114890851445911.000000 11078811360583088.000000
0 51 106690910694511314580315045888.000000 11481838655747398.000000 15441765809232258.000000
0 52 5056619174339165997813360230400.000000 3629677007151617.000000 136401049236953.750000
0 53 1944082552541085780666958741504.000000 5146623868894123.000000 3147709003266742.500000
0 54 2888872122805971638704140189696.000000 18655574246899028.000000 11049323996798752.000000
0 55 878721272050738929566738284544.000000 15448629297529640.000000 3171608717311922.500000
0 56 2693214664558514179837804937216.000000 19199805295434688.000000 10694799557488784.000000
0 57 3213812368555838406124564905984.000000 4929950567344181.000000 8287436777268273.000000
0 58 1718790421131434805852301688832.000000 12449947912730252.000000 9509638183433394.000000
0 59 1741017984105748272376960778240.000000 10805133056098190.000000 3462322301684098.000000
0 60 2870598713341447343667169722368.000000 2299409551643491.500000 11093135089056164.000000
0 61 3278930912389853657477614141440.000000 12638316250894366.000000 9608221911079354.000000
0 62 5041596874148397673607237468160.000000 2545213280466950.500000 794162722501979.625000
0 63 2654472941837493593568937246720.000000 15614258395947636.000000 5761466387413194.000000
0 64 3420041939904932932417105166336.000000 18921229885272320.000000 15247300339246774.000000
0 65 4131665921831348208575522537472.000000 10441501677693570.000000 2886796235952897.000000
0 66 5743697002410747385771485822976.000000 6358954983478856.000000 5189056163169003.000000
0 67 -1592765558321385698315231821824.000000 18593605560624788.000000 19410229159556436.000000
0 68 4934551957498561068131424403456.000000 2165001286284533.000000 16496540951862252.000000
0 69 -209883521408719908121987776512.000000 19418510171784324.000000 1672189838198102.000000
0 70 4536915052000859069641526345728.000000 14750950704422292.000000 4256937678347778.500000
0 71 1678608635290809446261640396800.000000 13279841357381010.000000 6313518110608458.000000
0 72 -633419129361128155139438280704.000000 14569754190901180.000000 16634117405248862.000000
0 73 3410912993089721478838665347072.000000 13740869671316290.000000 19570851909369628.000000
0 74 2382234180524123093870024065024.000000 3840846050787180.000000 4892741636085670.000000
0 75 2163441164495162938716114124800.000000 7366777267296229.000000 5088105531715837.000000
0 76 -1564332522249004149024600621056.000000 17112405190580712.000000 5217251112436527.000000
0 77 -1848220791597022004279907450880.000000 10999351870654780.000000 10099089123974132.000000
0 78 314805490111375621134305198080.000000 16605950387407070.000000 4804503155702028.000000
0 79 983871479976862482727782318080.000000 434399236964247.750000 4729040934694485.000000
0 80 3105926311158541130656099860480.000000 18894780975954972.000000 7101504742592343.000000
0 81 701410641289041455309813448704.000000 3320196008239964.000000 16290278738616162.000000
0 82 1952315689973680022457612763136.000000 8263018977657436.000000 13045464124658826.000000
0 83 -335673450648632622737283612672.000000 13063097804418346.000000 13913121851432662.000000
0 84 1216873766489733969216444301312.000000 358052551666299.125000 17061833857089204.000000
0 85 -1567011799461679444188437938176.000000 14754123495027480.000000 17810820730310316.000000
0 86 1171640237407591448771060301824.000000 235827339657501.968750 19011505866163180.000000
0 87 2740616737278465184213197914112.000000 944084267231675.000000 15915546287095894.000000
0 88 1993637936186808291192622546944.000000 10961865213397828.000000 7056308888432714.000000
0 89 4575821253739214171994570358784.000000 14778781227780870.000000 15988793276864474.000000
0 90 3002109209542213716141295009792.000000 8071071546217925.000000 15130634794682560.000000
0 91 2759896846841972838875464204288.000000 1536515705458128.750000 11787569013190254.000000
0 92 858478402187339241363234357248.000000 11409356421837284.000000 14561389109590738.000000
0 93 5738278649625498643426921414656.000000 18830807107035444.000000 536424844472866.875000
0 94 4779624167261470602567541063680.000000 14900890878080804.000000 14027958387210014.000000
0 95 1743182467177129441329632247808.000000 16396102531545844.000000 14583741433068060.000000
0 96 159766987971853209851656142848.000000 9367123855118232.000000 8360374789103108.000000
0 97 5486796263366376042643272499200.000000 16994014749482280.000000 4400150145576405.500000
0 98 5325903966708995490570647371776.000000 9085683233158516.000000 18731248161718832.000000
0 99 -1247995651908216714112501022720.000000 423840385598056.187500 18822290109746292.000000
0 100 5272388420660229791064426283008.000000 18209728357307488.000000 18367016920576348.000000
0 101 -1477598074580355576879772598272.000000 12849995511788874.000000 1001854523220963.125000
0 102 5207840069759562308365123059712.000000 2132042225702685.500000 15149566494105180.000000
0 103 2365427663719946124200073232384.000000 15065352871788364.000000 3603015427316080.000000
0 104 -1468365914872086610214800850944.000000 1139062976683053.500000 1342425416080479.250000
0 105 5316447551975235419963220033536.000000 7939744067848541.000000 14820004387362862.000000
0 106 1849781880085255180501085323264.000000 2044581784165735.000000 5019485999275691.000000
0 107 4625444128469305168835454697472.000000 14845124466994370.000000 10780918957381936.000000
0 108 4546081184663847764978961481728.000000 11938250298913686.000000 9742885242315422.000000
0 109 1575431952055279096500049674240.000000 9746129006080390.000000 16685135725911304.000000
0 110 1082497236822963574577800675328.000000 10879808533280066.000000 13288543053250082.000000
0 111 4108665629340645487643858042880.000000 11598211734382534.000000 8465707930035754.000000
0 112 2695034763168094000126242062336.000000 810841844296474.875000 13808992037781976.000000
0 113 5978992778798096749963190992896.000000 9900189571525058.000000 12319113652403056.000000
0 114 3633911213667090989330122932224.000000 19084196037125868.000000 12475532403236970.000000
0 115 3078329490999844761931813486592.000000 6064727840802971.000000 533253105740646.437500
0 116 4969525195178354156915977617408.000000 19702328882772628.000000 16909437740165478.000000
0 117 3340881633265354615977572040704.000000 13695983262632966.000000 1594843923442458.750000
0 118 3813670164818722407836775612416.000000 1156575095051236.000000 17041536530680738.000000
0 119 2755400663593505383533556793344.000000 18888161698197092.000000 11341716247141228.000000
0 120 2519097326565113150935819878400.000000 6804596028213668.000000 503192157462794.375000
0 121 1441149154417751748399838789632.000000 18449845993425624.000000 2572165780347849.500000
0 122 5562013316695584037126237323264.000000 4526302545162059.000000 8922625831511163.000000
0 123 -1818290643309378631607309565952.000000 2926634320419577.000000 4223562034039554.500000
0 124 2570381904286509996885760016384.000000 13853356130366846.000000 9974318947831318.000000
0 125 -1478780545051573052595769442304.000000 12031318948586154.000000 19899764043385984.000000
0 126 -1111793491575770682396675932160.000000 14656560203445406.000000 5720554336007011.000000
0 127 676708263660179599206473793536.000000 13092268596907272.000000 17470936932946062.000000
0 128 5995149794963723788580909219840.000000 13401953052446224.000000 9472140514246254.000000
0 129 2267482215663177453239248355328.000000 14513117752383982.000000 1849820090951314.000000
0 130 1943187350380787629604214931456.000000 4657538030784362.000000 8850575826736435.000000
0 131 3244435804544219767328995278848.000000 12077728515028828.000000 14214650211857934.000000
0 132 1418796969307026072001625194496.000000 11060702369702376.000000 9521850570445812.000000
0 133 2352611331433342555666272747520.000000 1039155112555788.500000 5944923297089955.000000
0 134 5256641782474071181775633121280.000000 12705112333900814.000000 19231266230205664.000000
0 135 5144038945037889440595572686848.000000 342621056732079.500000 2842089790167328.500000
0 136 2553354619328563086713518292992.000000 10651836035410798.000000 9213440407190210.000000
0 137 5295744251131892032347232534528.000000 16572063494511910.000000 3381447432689111.000000
0 138 2091517096427975533734028902400.000000 18702030392620728.000000 17384708060889834.000000
0 139 -237352638615925072080335273984.000000 16311529889414800.000000 18562348351493636.000000
0 140 -651297643152669966264914935808.000000 7053047315004769.000000 15040520656905380.000000
0 141 2912819935433948847098604552192.000000 1777379732256466.250000 7728570152129312.000000
0 142 -508067040940777964249993445376.000000 4070891980724824.500000 12423487850024128.000000
0 143 3479868582207647853660598173696.000000 12874684606168738.000000 7382840788528715.000000
0 144 3880764826145379045110884335616.000000 5355392000063040.000000 17178136871786852.000000
0 145 2698550260019745393324471615488.000000 1308917292346673.500000 9425510259603854.000000
0 146 2778840190162342670284923863040.000000 17675339954218520.000000 4534250656182063.000000
0 147 -53264281737275674982736723968.000000 10170931924889298.000000 3105647417994051.500000
0 148 2503138398985908198286852882432.000000 11973242422949170.000000 463406399792715.125000
0 149 -76616878656957482356048920576.000000 1027993859638457.125000 6335839955520741.000000
0 150 640522421635930438807324721152.000000 12323870971330382.000000 13482040069369618.000000
0 151 -1120835896172019022879208243200.000000 16691413398562658.000000 4714342794960524.000000
0 152 1581593205957484190137006948352.000000 7762449272439092.000000 7640431777737305.000000
0 153 -1561201184783690018678043049984.000000 18689996543927120.000000 4724820418206426.000000
0 154 -480825915225234598261912764416.000000 16911646132693460.000000 10342008842654532.000000
0 155 -654681503146273204485203427328.000000 12814924940161838.000000 15230427074954114.000000
0 156 875053172407231102019707076608.000000 14950950591527370.000000 3785820403125053.500000
0 157 -571879669358898387757612138496.000000 3455135634581155.500000 13622447287231894.000000
0 158 -1282609849834167138083418406912.000000 14101134846150470.000000 7229115596860236.000000
0 159 5160224441047861875926156443648.000000 156670342621705.656250 19530928182406780.000000
0 160 -662752836319968067686424903680.000000 7605159345648791.000000 9132663356774794.000000
0 161 3370263567832421558227455442944.000000 12044867636773208.000000 1970825522849720.750000
0 162 3617446287356990575100515319808.000000 1942598772697429.750000 17124822385131764.000000
0 163 -1314751282015234321079817207808.000000 4389841263489724.000000 2246849602291756.000000
0 164 2493961287892405741813114077184.000000 11225842653129178.000000 10386564810330310.000000
0 165 3922655756549283739194735198208.000000 10745635613741184.000000 2600483874907011.000000
0 166 3610232486208078133675195105280.000000 8658119224006366.000000 4868619467773763.000000
0 167 2444308536334107233122395357184.000000 7289261018549679.000000 8934690296214395.000000
0 168 631228306624679016396482412544.000000 9428120527955760.000000 7787383428978446.000000
0 169 928333280109024267539348193280.000000 2269240730106477.000000 11026557139883076.000000
0 170 -565211023467225227496209252352.000000 10539462925684390.000000 1163386925623466.750000
0 171 993125004225003017862555631616.000000 8946048363193892.000000 10237730053676166.000000
0 172 112081852793731488731222769664.000000 989185431794815.500000 8372592209094480.000000
0 173 5226236533013281797681239293952.000000 6374329684704695.000000 12202610915411548.000000
0 174 5375473849184565834860648726528.000000 5325667245274255.000000 11807795785971822.000000
0 175 301620771317566135777781350400.000000 12433876397369372.000000 15818292441008750.000000
0 176 2507171916080253161094577651712.000000 16783055906301856.000000 11789286322015938.000000
0 177 -734213120645942387304826929152.000000 10486424106329876.000000 3457656183888975.500000
0 178 -964419852459999173571667558400.000000 8980300991400285.000000 17653293880235076.000000
0 179 2027097756055694832828214673408.000000 16827136246625864.000000 7694440319651942.000000
0 180 1971121931435131278263660314624.000000 12856650245583920.000000 16379908656659494.000000
0 181 2963426763640449530655506694144.000000 306423007378551.687500 11155305643624302.000000
0 182 -1574702501098952670627139420160.000000 11503089512751014.000000 6570547715919348.000000
0 183 234763887820189907693653196800.000000 15455796123913394.000000 8918737267529934.000000
0 184 903710161756589261411831513088.000000 7671940880139331.000000 5945207930922139.000000
0 185 833815240689467440082628640768.000000 5842783345381164.000000 16033798495514224.000000
0 186 2889165776264465439153197154304.000000 5013874453876109.000000 13498688274160348.000000
0 187 4791621345463964141001025519616.000000 13376908903171732.000000 7212208815581263.000000
0 188 1625649088819347967053930692608.000000 15780552185378294.000000 10657251215189348.000000
0 189 2959549302682070523086274297856.000000 4612403868400679.000000 15440763661959564.000000
0 190 4407267681512641201093193236480.000000 3571147331931231.500000 16794156469024792.000000
0 191 3314616425575044742141972578304.000000 5596197098263632.000000 12640070264195124.000000
0 192 2983852444674751339468291047424.000000 19142657111032244.000000 5559830428338530.000000
0 193 4049399818316754227922600984576.000000 19020914068720728.000000 15977514559136478.000000
0 194 5262827828183223897983006277632.000000 16637525677311944.000000 18166889399502840.000000
0 195 3562407946941632803241447129088.000000 14838491834489860.000000 4790177886821412.000000
0 196 -725879549386855133479062994944.000000 5998291191667455.000000 16367940800980638.000000
0 197 2189357625408730499494109511680.000000 6727368653331589.000000 9935366822334642.000000
0 198 -1787868931790752448735740952576.000000 9127406258144140.000000 17934642977800520.000000
0 199 4924259755259500394088973205504.000000 8506769452372924.000000 14919116884474232.000000
0 200 0.000000 0.000000 0.000000
0 201 0.000000 0.000000 0.000000
0 202 0.000000 0.000000 0.000000
0 203 0.000000 0.000000 0.000000
0 204 0.000000 0.000000 0.000000
0 205 0.000000 0.000000 0.000000
0 206 0.000000 0.000000 0.000000
0 207 0.000000 0.000000 0.000000
0 208 0.000000 0.000000 0.000000
0 209 0.000000 0.000000 0.000000
0 210 0.000000 0.000000 0.000000
0 211 0.000000 0.000000 0.000000
0 212 0.000000 0.000000 0.000000
0 213 0.000000 0.000000 0.000000
0 214 0.000000 0.000000 0.000000
0 215 0.000000 0.000000 0.000000
0 216 0.000000 0.000000 0.000000
0 217 0.000000 0.000000 0.000000
0 218 0.000000 0.000000 0.000000
0 219 0.000000 0.000000 0.000000
0 220 0.000000 0.000000 0.000000
0 221 0.000000 0.000000 0.000000
0 222 0.000000 0.000000 0.000000
0 223 0.000000 0.000000 0.000000
0 224 0.000000 0.000000 0.000000
0 225 0.000000 0.000000 0.000000
0 226 0.000000 0.000000 0.000000
0 227 0.000000 0.000000 0.000000
0 228 0.000000 0.000000 0.000000
0 229 0.000000 0.000000 0.000000
0 230 0.000000 0.000000 0.000000
0 231 0.000000 0.000000 0.000000
0 232 0.000000 0.000000 0.000000
0 233 0.000000 0.000000 0.000000
0 234 0.000000 0.000000 0.000000
0 235 0.000000 0.000000 0.000000
0 236 0.000000 0.000000 0.000000
0 237 0.000000 0.000000 0.000000
0 238 0.000000 0.000000 0.000000
0 239 0.000000 0.000000 0.000000
0 240 0.000000 0.000000 0.000000
0 241 0.000000 0.000000 0.000000
0 242 0.000000 0.000000 0.000000
0 243 0.000000 0.000000 0.000000
0 244 0.000000 0.000000 0.000000
0 245 0.000000 0.000000 0.000000
0 246 0.000000 0.000000 0.000000
0 247 0.000000 0.000000 0.000000
0 248 0.000000 0.000000 0.000000
0 249 0.000000 0.000000 0.000000
0 250 0.000000 0.000000 0.000000
0 251 0.000000 0.000000 0.000000
0 252 0.000000 0.000000 0.000000
0 253 0.000000 0.000000 0.000000
0 254 0.000000 0